100
0 0 0 0 8 31 91 235 470 813 1430 2299 3395 4776 6715 9140 11972 15460 19473 24147 29128 34435 40587 46525 52139 57389 61719 64838 66597 66221 64504 60318 55218 48583 40989 33150 25595 18840 12902 8611 5260 3112 1699 861 396 152 54 14 9 0 0 0 0 0 0 0 0 0 0 0 0 0 0 0 0 0 0 0 0 0 0 0 0 0 0 0 0 0 0 0 0 0 0 0 0 0 0 0 0 0
0 0 0 0 0 0 0 0 0 0 0 0 0 0 0 1 0 1 2 9 9 21 24 41 70 121 180 263 359 544 767 1128 1485 1974 2675 3748 4936 6389 8345 10777 13422 17067 21280 26328 31657 37943 44543 51582 58751 64667 70300 74436 75391 73392 68986 61244 51599 40683 29608 19982 12031 6497 3164 1289 438 115 34 2 0 0 0 0 0 0 0 0 0 0 0 0 0 0 0 0 0 0 0 0 0 0
0 0 0 0 0 0 0 0 0 0 0 0 0 0 0 0 0 0 0 0 0 0 0 0 0 0 0 0 0 0 0 1 1 2 6 4 7 9 22 36 62 75 123 162 242 376 550 765 1063 1485 2027 2827 3853 5119 6931 9223 12047 16002 20366 26324 33161 41140 50228 59800 69937 79365 86589 91006 89915 83150 71502 55272 38090 23363 11565 4735 1381 331 55 4 1 0 0 0 0 0 0 0 0 0
50
0 0 0 0 3 28 59 117 235 438 681 1077 1707 2371 3279 4586 6193 7973 10104 12551 15637 18732 22350 26499 30777 35187 39864 44272 48395 51637 55082 57165 58406 58350 56564 54104 50441 46007 39823 34507 28405 22520 17287 12852 8949 5963 3852 2321 1353 647 348 173 78 36 11 1 3 0 0 0 0 0 0 0 0 0 0 0 0 0 0 0 0 0 0 0 0 0 0 0 0 0 0 0 0 0 0 0 0 0
0 0 0 0 0 0 0 0 0 0 0 0 0 0 0 0 1 0 0 6 2 9 16 20 46 59 76 113 186 257 378 462 718 1077 1374 1765 2420 3213 4326 5475 6916 8956 11190 13597 17127 20571 25002 30072 35673 41349 47363 53750 58836 64145 67842 69438 69641 67579 61921 55018 46120 36376 27069 18543 11524 6709 3351 1475 558 214 60 14 2 0 0 0 0 0 0 0 0 0 0 0 0 0 0 0 0 0
0 0 0 0 0 0 0 0 0 0 0 0 0 0 0 0 0 0 0 0 0 0 0 0 0 0 0 0 0 0 1 0 2 0 3 5 3 4 9 18 30 32 63 80 125 155 254 353 549 729 1010 1384 1939 2682 3505 4626 6259 8163 10613 13680 17855 22237 28472 34905 42862 51600 60463 70060 77883 83719 87274 85999 79616 68359 53501 37353 22924 11808 4862 1564 346 55 7 0 0 0 0 0 0 0
30
0 0 0 0 1 4 24 58 125 172 308 500 725 1069 1408 1848 2605 3416 4240 5358 6650 8110 9893 11744 13962 16218 18341 20754 23356 25954 28655 31041 33275 34758 35999 37106 37005 36508 35395 33435 31045 28534 25086 21822 18062 15271 11956 8919 6689 4607 3139 2081 1265 750 355 218 109 40 21 6 5 0 0 0 0 0 0 0 0 0 0 0 0 0 0 0 0 0 0 0 0 0 0 0 0 0 0 0 0 0
0 0 0 0 0 0 0 0 0 0 0 0 0 0 0 0 0 0 1 0 3 3 5 2 9 26 28 47 89 102 149 225 326 418 597 785 975 1352 1813 2319 2907 3716 4757 5979 7408 8993 11086 13362 16103 19213 22210 26203 29683 33575 37388 40563 43309 45433 46567 45974 44302 40630 36482 30395 24618 18228 13142 8511 5008 2855 1248 572 211 76 17 2 0 0 0 0 0 0 0 0 0 0 0 0 0 0
0 0 0 0 0 0 0 0 0 0 0 0 0 0 0 0 0 0 0 0 0 0 0 0 0 0 0 0 0 0 0 0 1 0 1 2 2 1 4 6 16 15 33 30 63 72 111 157 215 288 414 630 815 1103 1475 1947 2646 3508 4630 5881 7693 9856 12333 15617 19476 23987 29275 34972 41006 46920 52207 56802 59325 58781 55571 48772 39497 28591 18342 10178 4682 1605 368 71 5 2 0 0 0 0
20
0 0 0 0 0 4 16 44 91 160 321 471 698 936 1336 1842 2465 3202 4226 5169 6322 7864 9642 11332 13492 15900 18538 21305 24180 27174 30380 33399 36278 39840 42384 44785 46740 48102 48571 49028 48096 47363 44940 42050 38873 34803 30720 26294 22209 18074 14434 11276 8115 5882 4118 2652 1689 969 600 317 155 82 28 16 6 1 1 0 0 0 0 0 0 0 0 0 0 0 0 0 0 0 0 0 0 0 0 0 0 0
0 0 0 0 0 0 0 0 0 0 0 0 0 0 0 0 0 0 0 0 0 8 4 8 14 26 28 48 71 110 149 191 279 408 570 764 1002 1200 1735 2277 2840 3643 4583 5743 7075 8855 10963 13030 15905 19120 22860 26583 31183 35718 40869 46133 50885 55135 59172 61999 63447 62953 61697 57260 52348 45140 37592 29925 22003 15404 9720 5846 3067 1474 638 213 68 18 1 0 0 0 0 0 0 0 0 0 0 0
0 0 0 0 0 0 0 0 0 0 0 0 0 0 0 0 0 0 0 0 0 0 0 0 0 0 0 0 0 0 0 0 0 2 0 0 2 5 5 5 14 18 18 41 57 72 95 159 181 295 357 580 763 1048 1423 1883 2615 3328 4328 5775 7503 9556 11969 15503 19249 24424 29538 36314 43286 51287 59540 67955 75228 80513 83722 81933 76263 66936 53310 38396 24191 12809 5453 1628 381 41 3 0 0 0
10
0 0 0 0 1 1 16 16 55 76 159 237 323 474 702 907 1208 1626 2079 2709 3254 4084 4828 5800 6966 8293 9714 11540 12886 14739 16862 19202 21320 23665 25949 28367 31022 33242 35409 37620 39481 40606 41842 42835 43044 42727 42221 41183 39420 36848 35018 31707 28559 25505 21896 18699 15650 12444 9923 7709 5713 4080 2916 1873 1215 698 425 218 110 51 25 4 3 1 0 0 0 0 0 0 0 0 0 0 0 0 0 0 0 0
0 0 0 0 0 0 0 0 0 0 0 0 0 0 0 0 0 0 0 0 0 1 5 2 7 11 17 23 39 46 91 109 147 187 275 384 463 673 864 1137 1396 1724 2290 2922 3568 4562 5584 6872 8364 10118 12164 14338 17039 20130 23241 26726 30780 34831 39044 44067 48498 51953 55069 57433 59438 59547 57839 55620 50987 45549 38807 31768 25331 18509 12434 7927 4733 2492 1150 468 162 39 5 1 0 0 0 0 0 0
0 0 0 0 0 0 0 0 0 0 0 0 0 0 0 0 0 0 0 0 0 0 0 0 0 0 0 0 0 0 0 0 0 0 1 0 1 2 4 2 6 6 16 13 35 34 51 82 117 178 184 269 366 510 704 936 1255 1720 2183 2977 3686 4772 6110 7958 10198 12506 15825 19614 23996 29794 36047 43000 50104 57935 65817 73063 78177 81378 81526 76696 67910 55704 40336 25643 13586 5351 1416 193 7 0
200
0 0 0 0 0 1 4 8 11 13 27 48 65 105 133 155 263 259 364 455 490 629 670 697 720 767 758 726 627 572 507 351 261 176 112 60 34 24 4 2 2 0 0 0 0 0 0 0 0 0 0 0 0 0 0 0 0 0 0 0 0 0 0 0 0 0 0 0 0 0 0 0 0 0 0 0 0 0 0 0 0 0 0 0 0 0 0 0 0 0
0 0 0 0 0 0 0 0 0 0 0 0 0 0 0 0 0 0 0 0 1 0 0 2 0 2 0 2 7 11 17 16 35 41 53 71 91 122 162 205 266 336 385 451 529 608 718 806 805 837 788 687 604 524 364 247 164 78 48 9 6 2 0 0 0 0 0 0 0 0 0 0 0 0 0 0 0 0 0 0 0 0 0 0 0 0 0 0 0 0
0 0 0 0 0 0 0 0 0 0 0 0 0 0 0 0 0 0 0 0 0 0 0 0 0 0 0 0 0 0 0 0 0 0 0 0 0 0 0 1 3 1 1 3 9 8 11 15 21 34 41 63 65 77 141 170 253 310 364 477 575 724 797 877 938 965 890 778 593 434 270 123 47 18 2 1 0 0 0 0 0 0 0 0 0 0 0 0 0 0
